function model = load_sepsis_model()
   
%mean values, stds, input parameters, decision boundary
  c = cell(1,16);

  
%normalization parameters mean stds model0  
        means0 = zeros(1,39);
  		means0(1) = 84.12134662949546;
		means0(2) = 97.08682177256222;
		means0(3) = 36.91543277939674;
		means0(4) = 126.74959958989315;
		means0(5) = 86.61207230148922;
		means0(6) = 66.47009662014814;
		means0(7) = 18.700125512848196;
		means0(8) = 32.98265642151482;
		means0(9) = -3.263780487804879;
		means0(10) = 22.683333333333334;
		means0(11) = 0.5148887310606177;
		means0(12) = 7.368978713226492;
		means0(13) = 40.216041567128514;
		means0(14) = 96.44997162315538;
		means0(15) = 192.76690391459076;
		means0(16) = 22.933355788663267;
		means0(17) = 97.25545400943396;
		means0(18) = 6.993177962804477;
		means0(19) = 106.75774526678141;
		means0(20) = 1.6311112179179101;
		means0(21) = 1.113363844393594;
		means0(22) = 139.95629504827454;
		means0(23) = 3.3095899772209507;
		means0(24) = 2.0611979457407643;
		means0(25) = 3.4519661387220006;
		means0(26) = 4.101783294150177;
		means0(27) = 1.8358193586348928;
		means0(28) = 8.614764324019097;
		means0(29) = 31.041606179723768;
		means0(30) = 10.191557688824478;
		means0(31) = 45.204885210891625;
		means0(32) = 10.696358199878333;
		means0(33) = 279.50093370681606;
		means0(34) = 192.83065482132162;
		means0(35) = 60.55408510344754;
		means0(36) = 0.5411800289727412;
		means0(37) = 0.4883515602973691;
		means0(38) = 0.511648439702631;
		means0(39) = -65.13053366089443;
        
        
        stds0 = zeros(1,39);
        stds0(1) = 17.82521172945896;
		stds0(2) = 2.994364288654044;
		stds0(3) = 0.760806447714703;
		stds0(4) = 24.51888652276211;
		stds0(5) = 16.881354444674038;
		stds0(6) = 14.337470218474463;
		stds0(7) = 4.758971256820578;
		stds0(8) = 7.738312313801248;
		stds0(9) = 4.764295469181993;
		stds0(10) = 3.6684107611801187;
		stds0(11) = 0.2308867682229469;
		stds0(12) = 0.09501059131719909;
		stds0(13) = 10.353303334914912;
		stds0(14) = 4.099591456804238;
		stds0(15) = 723.2622480431214;
		stds0(16) = 19.643283560959492;
		stds0(17) = 104.15130021751574;
		stds0(18) = 3.0458387851148525;
		stds0(19) = 4.8526529192882215;
		stds0(20) = 2.055119788813593;
		stds0(21) = 2.9889074694195967;
		stds0(22) = 52.84588999382195;
		stds0(23) = 3.341014153247518;
		stds0(24) = 0.3830420426473274;
		stds0(25) = 1.3710498438935406;
		stds0(26) = 0.6661154025815241;
		stds0(27) = 3.9501133598268834;
		stds0(28) = 25.443094099643403;
		stds0(29) = 6.595889220572079;
		stds0(30) = 2.2361291618929457;
		stds0(31) = 38.696961172048866;
		stds0(32) = 9.378135679939398;
		stds0(33) = 138.9119299250623;
		stds0(34) = 99.99709890776077;
		stds0(35) = 16.26914480249974;
		stds0(36) = 0.4983013196997783;
		stds0(37) = 0.4998642954372158;
		stds0(38) = 0.4998642954372158;
		stds0(39) = 235.95667504166232;
        
       
       %normalization parameter modelA
       meansA = zeros(1,39);
        meansA(1) = 84.98526444873023;
       meansA(2) = 97.26568772153938;
     meansA(3) = 37.02673699236573;
  meansA(4) = 120.96235945816058;
meansA(5) = 78.76734527184637;
meansA(6) = 59.98580935699335;
meansA(7) = 18.773459507375623;
meansA(8) = NaN;
meansA(9) = -0.6475370534467899;
meansA(10) = 24.09447553326941;
meansA(11) = 0.5262479604121526;
meansA(12) = 7.380242785410664;
meansA(13) = 41.16614709617827;
meansA(14) = 91.21545582226761;
meansA(15) = 356.2075296108291;
meansA(16) = 24.346708852906506;
meansA(17) = 114.20330385015609;
meansA(18) = 8.316976957118822;
meansA(19) = 105.7650622558037;
meansA(20) = 1.4043820374568778;
meansA(21) = 3.114213197969538;
meansA(22) = 133.6092206381394;
meansA(23) = 2.4692027410382145;
meansA(24) = 2.0410037247279824;
meansA(25) = 3.588572789252058;
meansA(26) = 4.161507176476068;
meansA(27) = 2.694403177550813;
meansA(28) = 9.288186528497409;
meansA(29) = 30.67489522663289;
meansA(30) = 10.582028043138731;
meansA(31) = 40.78193651125141;
meansA(32) = 11.936603760868179;
meansA(33) = 292.25164179104473;
meansA(34) = 199.61784112312858;
meansA(35) = 63.0167798510459;
meansA(36) = 0.5777212530766943;
meansA(37) = 0.507100606360599;
meansA(38) = 0.49289939363940105;
meansA(39) = -52.02575711182829;

stdsA = zeros(1,39);
stdsA(1) = 286.97781369500314;
stdsA(2) = 8.46106837195571;
stdsA(3) = 0.6088923677570663;
stdsA(4) = 463.1341313249907;
stdsA(5) = 226.3227603466266;
stdsA(6) = 158.07418118506772;
stdsA(7) = 29.114075214651475;
stdsA(8) = NaN;
stdsA(9) = 18.37506961883647;
stdsA(10) = 19.326201973154273;
stdsA(11) = 0.03454702335353108;
stdsA(12) = 0.005166240233082168;
stdsA(13) = 80.93771381234002;
stdsA(14) = 149.47687673299245;
stdsA(15) = 1051878.5070583646;
stdsA(16) = 406.19502592618636;
stdsA(17) = 21713.91233993441;
stdsA(18) = 0.671242761104941;
stdsA(19) = 35.28222083053435;
stdsA(20) = 2.3333507750757603;
stdsA(21) = 21.432149930858028;
stdsA(22) = 2660.8382238058834;
stdsA(23) = 5.4240470304437025;
stdsA(24) = 0.1521193175150833;
stdsA(25) = 2.089799361705634;
stdsA(26) = 0.4003288633739792;
stdsA(27) = 27.48414204811515;
stdsA(28) = 130.1186169185751;
stdsA(29) = 23.761968123411922;
stdsA(30) = 3.048565555192712;
stdsA(31) = 574.2742839489814;
stdsA(32) = 57.19314873717785;
stdsA(33) = 25159.951471599656;
stdsA(34) = 11934.051714063966;
stdsA(35) = 260.29376252419905;
stdsA(36) = 0.24395940682264214;
stdsA(37) = 0.2499495813890179;
stdsA(38) = 0.2499495813890179;
stdsA(39) = 24293.847699165788;

%modelB normalization parameters
meansB = zeros(1,39);
meansB(1) = 84.1419052382481;
meansB(2) = 97.11774877815441;
meansB(3) = 36.92607587341356;
meansB(4) = 126.59843265526406;
meansB(5) = 86.36713707101325;
meansB(6) = 66.23400159819928;
meansB(7) = 18.67078037269644;
meansB(8) = 32.95765667291276;
meansB(9) = -2.6692176870748274;
meansB(10) = 23.219064493267187;
meansB(11) = 0.7411597908192137;
meansB(12) = 7.371940676966616;
meansB(13) = 40.43427379063062;
meansB(14) = 96.56646760641593;
meansB(15) = 175.3223452817481;
meansB(16) = 23.2548584053977;
meansB(17) = 92.40454172570662;
meansB(18) = 6.983445484782721;
meansB(19) = 106.70953294945618;
meansB(20) = 1.6431562581594612;
meansB(21) = 1.0006471238938006;
meansB(22) = 138.8344148999171;
meansB(23) = 2.9834405369502743;
meansB(24) = 2.0690608719495547;
meansB(25) = 3.4652912296362306;
meansB(26) = 4.097531905467802;
meansB(27) = 1.6957614515169532;
meansB(28) = 8.220386508395793;
meansB(29) = 31.044061521126718;
meansB(30) = 10.19503640830913;
meansB(31) = 43.558967942648444;
meansB(32) = 10.7208927903438;
meansB(33) = 280.41951566951565;
meansB(34) = 191.45486366985998;
meansB(35) = 60.96485278774795;
meansB(36) = 0.5401334654426866;
meansB(37) = 0.4886367027228646;
meansB(38) = 0.5113632972771354;
meansB(39) = -60.37626074973589;

stdsB = zeros(1,39);
stdsB(1) = 314.14536750593385;
stdsB(2) = 8.78894394186414;
stdsB(3) = 0.5712699859209144;
stdsB(4) = 601.8680514206475;
stdsB(5) = 281.38170941744295;
stdsB(6) = 202.69232616585796;
stdsB(7) = 22.28113846522179;
stdsB(8) = 63.22783349141014;
stdsB(9) = 17.50760687097963;
stdsB(10) = 10.616805219795268;
stdsB(11) = 929.7554886491947;
stdsB(12) = 0.007607844811948288;
stdsB(13) = 105.58210338874122;
stdsB(14) = 13.907506576428673;
stdsB(15) = 434215.3263299892;
stdsB(16) = 389.20430857305024;
stdsB(17) = 7943.927683899419;
stdsB(18) = 9.122399643063268;
stdsB(19) = 23.886731473056024;
stdsB(20) = 4.383224482241754;
stdsB(21) = 6.782623198487261;
stdsB(22) = 2606.781739004444;
stdsB(23) = 8.025593720979888;
stdsB(24) = 0.16828166533768474;
stdsB(25) = 1.9018561135785976;
stdsB(26) = 0.4275097717887366;
stdsB(27) = 11.758067623642182;
stdsB(28) = 649.1220260086758;
stdsB(29) = 43.48208294066881;
stdsB(30) = 5.074127772853743;
stdsB(31) = 1266.7817496855791;
stdsB(32) = 62.696747690420956;
stdsB(33) = 20816.476784380862;
stdsB(34) = 9192.67507521478;
stdsB(35) = 274.8828964590487;
stdsB(36) = 0.24838930495184836;
stdsB(37) = 0.24987087547618225;
